round,result,value,gainloss
0,,1000,
1,L,980,-20
2,W,1004,24
3,L,984.8,-19.2
4,W,1007.84,23.04
5,L,989.408,-18.432
6,W,1011.5264,22.1184
7,L,993.83168,-17.69472
8,W,1015.065344,21.233664
9,L,998.0784128,-16.9869312
10,W,1018.46273,20.38431744