round,result,value,gainloss
0,,100,
1,W,120,20
2,L,96,-24
3,W,115.2,19.2
4,L,92.16,-23.04
5,W,110.592,18.432
6,L,88.4736,-22.1184
7,W,106.16832,17.69472
8,L,84.934656,-21.233664
9,W,101.9215872,16.9869312
10,L,81.53726976,-20.38431744